model                               infer ms     +/-  infer+val ms     +/-   report ms     +/-
--------------------------------  ----------  ------  ----------  ------  ----------  ------
bldg1.ttl                               1903     243        2112     349           0       0
bldg10.ttl                              1893       7        2112      48           0       0
bldg11.ttl                              2876      59        3761      41           0       0
bldg12.ttl                              2208      25        2602      11           0       0
bldg13.ttl                              1933      34        2160     198           0       0
bldg14.ttl                              1792      36        2040      60           0       0
bldg15.ttl                              2413      23        2916      21           0       0
bldg16.ttl                              1835      18        2046      22           0       0
bldg17.ttl                              1835       7        2039      22           0       0
bldg18.ttl                              2255     455        2652      48           0       0
bldg19.ttl                              1860       3        2082      35           0       0
bldg2.ttl                               1878      25        2092      22           0       0
bldg20.ttl                              1905       8        2129      21           0       0
bldg21.ttl                              1890      29        2073       9           0       0
bldg22.ttl                              1882      20        2077      43           0       0
bldg23.ttl                              1855      27        2037      21           0       0
bldg24.ttl                              1802      18        1985      44           0       0
bldg25.ttl                              1867      15        2054      31           0       0
bldg26.ttl                              1847      10        2046       6           0       0
bldg27.ttl                              1920     290        2129      77           0       0
bldg28.ttl                              1916      11        2179      37           0       0
bldg29.ttl                              1845      29        2025       6           0       0
bldg3.ttl                               1791      52        1992      11           0       0
bldg30.ttl                              2137      20        2474      13           0       0
bldg31.ttl                              1857      17        2033       8           0       0
bldg32.ttl                              2260      76        2751      10           0       0
bldg33.ttl                              1834      31        2030      31           0       0
bldg34.ttl                              2004      18        2282      37           0       0
bldg35.ttl                              1882      24        2069      22           0       0
bldg36.ttl                              1877     463        2130      35           0       0
bldg37.ttl                              3479      17        4555      50           0       0
bldg38.ttl                              1860      25        2042      74           0       0
bldg39.ttl                              1904      14        2138      30           0       0
bldg4.ttl                               1953      15        2174      53           0       0
bldg40.ttl                              2109      36        2450      25           0       0
bldg41.ttl                              1860       7        2087      11           0       0
bldg42.ttl                              1946      42        2148      27           0       0
bldg43.ttl                              1987      50        2273     437           0       0
bldg44.ttl                              1959     120        2216      39           0       0
bldg5.ttl                               2225      16        2652      27           0       0
bldg6.ttl                               2292      20        2734      60           0       0
bldg7.ttl                               1865      29        2095      11           0       0
bldg8.ttl                               1950      18        2177      62           0       0
bldg9.ttl                               2258      21        2661      19           0       0
smc.ttl                                 2163      16        2488      23           0       0
