model                               infer ms     +/-  infer+val ms     +/-   report ms     +/-
--------------------------------  ----------  ------  ----------  ------  ----------  ------
bldg1.ttl                               1920     183        2115      11           0       0
bldg10.ttl                              1881      20        2084      19           0       0
bldg11.ttl                              2862      38        3748      21           0       0
bldg12.ttl                              2191     352        2605      37           0       0
bldg13.ttl                              1943      31        2158       8           0       0
bldg14.ttl                              1776      21        1979      15           0       0
bldg15.ttl                              2390       5        2900      12           0       0
bldg16.ttl                              1832      32        2048      31           0       0
bldg17.ttl                              1826      50        2046      22           0       0
bldg18.ttl                              2197      37        2667      12           0       0
bldg19.ttl                              1863      11        2068      12           0       0
bldg2.ttl                               1872      31        2128      30           0       0
bldg20.ttl                              1903      69        1987     110           0       0
bldg21.ttl                              1877      20        2075       8           0       0
bldg22.ttl                              1868      19        2077      27           0       0
bldg23.ttl                              1849      26        2047      32           0       0
bldg24.ttl                              1819      27        2000      31           0       0
bldg25.ttl                              1908      94        2053      14           0       0
bldg26.ttl                              1854      37        2049      49           0       0
bldg27.ttl                              1899      33        2128       7           0       0
bldg28.ttl                              1924      18        2162      28           0       0
bldg29.ttl                              1807      12        1998      11           0       0
bldg3.ttl                               1782      18        1983       3           0       0
bldg30.ttl                              2100     359        2461      27           0       0
bldg31.ttl                              1813       9        2017      23           0       0
bldg32.ttl                              2260      11        2697      13           0       0
bldg33.ttl                              1812      11        1997      16           0       0
bldg34.ttl                              1963      15        2224      13           0       0
bldg35.ttl                              1835       6        2049      12           0       0
bldg36.ttl                              1866      13        2124      13           0       0
bldg37.ttl                              3434      19        4526       6           0       0
bldg38.ttl                              1843       3        2049     332           0       0
bldg39.ttl                              1934      41        2133      24           0       0
bldg4.ttl                               1939      10        2187      27           0       0
bldg40.ttl                              2098      10        2431      25           0       0
bldg41.ttl                              1846      32        2059      18           0       0
bldg42.ttl                              1925      21        2114     166           0       0
bldg43.ttl                              1990      12        2284      32           0       0
bldg44.ttl                              1985      50        2226      11           0       0
bldg5.ttl                               2232      16        2649      25           0       0
bldg6.ttl                               2302      20        2723       6           0       0
bldg7.ttl                               1880     452        2078      13           0       0
bldg8.ttl                               1951      15        2179      14           0       0
bldg9.ttl                               2225       6        2644      28           0       0
smc.ttl                                 2131      26        2496      12           0       0
