model                               infer ms     +/-  infer+val ms     +/-   report ms     +/-
--------------------------------  ----------  ------  ----------  ------  ----------  ------
bldg1.ttl                               2615     182        3081      58           0       0
bldg10.ttl                              2621      20        3049      62           0       0
bldg11.ttl                              3990     180        5353      41           0       0
bldg12.ttl                              3039      17        3713      45           0       0
bldg13.ttl                              2657      43        3139      22           0       0
bldg14.ttl                              2537      26        2888      10           0       0
bldg15.ttl                              3304      41        4181      20           0       0
bldg16.ttl                              2612      44        2918      88           0       0
bldg17.ttl                              2519     196        2907      25           0       0
bldg18.ttl                              3077      54        3829      45           0       0
bldg19.ttl                              2570       7        2990      86           0       0
bldg2.ttl                               2597      31        3077      40           0       0
bldg20.ttl                              2611     271        3071      24           0       0
bldg21.ttl                              2559      50        2978      37           0       0
bldg22.ttl                              2609      44        2964     420           0       0
bldg23.ttl                              2525       9        2937      36           0       0
bldg24.ttl                              2512      11        2903      13           0       0
bldg25.ttl                              2583       7        2974      47           0       0
bldg26.ttl                              2588      49        2964      18           0       0
bldg27.ttl                              2654      53        3129      17           0       0
bldg28.ttl                              2684      63        3144      29           0       0
bldg29.ttl                              2547      15        2961      36           0       0
bldg3.ttl                               2522     454        2900      36           0       0
bldg30.ttl                              2992      23        3596      31           0       0
bldg31.ttl                              2577      20        2967      35           0       0
bldg32.ttl                              3192      17        3958      34           0       0
bldg33.ttl                              2504      22        2929      19           0       0
bldg34.ttl                              2745      47        3307      32           0       0
bldg35.ttl                              2562       9        2977     370           0       0
bldg36.ttl                              2639      29        3131      52           0       0
bldg37.ttl                              4733      15        6461      35           0       0
bldg38.ttl                              2587       6        2968       6           0       0
bldg39.ttl                              2613      23        3068      53           0       0
bldg4.ttl                               2671       8        3163      28           0       0
bldg40.ttl                              2910      19        3502     425           0       0
bldg41.ttl                              2586      21        3028      56           0       0
bldg42.ttl                              2627      27        3100      15           0       0
bldg43.ttl                              2784      42        3307      65           0       0
bldg44.ttl                              2691      43        3250      21           0       0
bldg5.ttl                               3070       9        3786      36           0       0
bldg6.ttl                               3150      39        3933      20           0       0
bldg7.ttl                               2569     464        3008       7           0       0
bldg8.ttl                               2680      65        3159      25           0       0
bldg9.ttl                               3079      14        3824      22           0       0
smc.ttl                                 2969      37        3583      22           0       0
