model                               infer ms     +/-  infer+val ms     +/-   report ms     +/-
--------------------------------  ----------  ------  ----------  ------  ----------  ------
bldg1.ttl                               1237     227        1267      20           0       0
bldg10.ttl                              1251      31        1266      25           0       0
bldg11.ttl                              1251      19        1252       2           0       0
bldg12.ttl                              1253      31        1243      49           0       0
bldg13.ttl                              1269      71        1279      18           0       0
bldg14.ttl                              1275      36        1264      13           0       0
bldg15.ttl                              1239     153        1243     207           0       0
bldg16.ttl                              1275      16        1229      45           0       0
bldg17.ttl                              1294      48        1290      44           0       0
bldg18.ttl                              1294      17        1265      17           0       0
bldg19.ttl                              1262       5        1281      22           0       0
bldg2.ttl                               1263      16        1251      22           0       0
bldg20.ttl                              1259      41        1266      17           0       0
bldg21.ttl                              1254      34        1259      42           0       0
bldg22.ttl                              1251      11        1258      29           0       0
bldg23.ttl                              1265      24        1247       2           0       0
bldg24.ttl                              1242       5        1250      15           0       0
bldg25.ttl                              1246      29        1255      13           0       0
bldg26.ttl                              1276      21        1281      21           0       0
bldg27.ttl                              1243      15        1258      39           0       0
bldg28.ttl                              1258       5        1252      14           0       0
bldg29.ttl                              1246      12        1260      62           0       0
bldg3.ttl                               1232     161        1269     241           0       0
bldg30.ttl                              1254      20        1267      23           0       0
bldg31.ttl                              1285      38        1227      26           0       0
bldg32.ttl                              1297      46        1272       5           0       0
bldg33.ttl                              1247      54        1244      26           0       0
bldg34.ttl                              1243      10        1259      15           0       0
bldg35.ttl                              1238      34        1250      50           0       0
bldg36.ttl                              1302      45        1285      45           0       0
bldg37.ttl                              1251      25        1292      43           0       0
bldg38.ttl                              1290      34        1245      46           0       0
bldg39.ttl                              1266      28        1251     150           0       0
bldg4.ttl                               1265       6        1265      14           0       0
bldg40.ttl                              1242       8        1263      37           0       0
bldg41.ttl                              1248      24        1265      60           0       0
bldg42.ttl                              1259       8        1256      13           0       0
bldg43.ttl                              1253      27        1260      12           0       0
bldg44.ttl                              1201     262        1239      41           0       0
bldg5.ttl                               1240      83        1281       4           0       0
bldg6.ttl                               1252      20        1248      16           0       0
bldg7.ttl                               1279      14        1293      51           0       0
bldg8.ttl                               1277      28        1258      12           0       0
bldg9.ttl                               1235      15        1250       8           0       0
smc.ttl                                 1272      37        1256       6           0       0
