model                               infer ms     +/-  infer+val ms     +/-   report ms     +/-
--------------------------------  ----------  ------  ----------  ------  ----------  ------
bldg1.ttl                               1968     351        2120      15           0       0
bldg10.ttl                              1884      18        2070      70           0       0
bldg11.ttl                              2877      19        3791      48           0       0
bldg12.ttl                              2201      53        2591       4           0       0
bldg13.ttl                              1959      20        2181      44           0       0
bldg14.ttl                              1818      26        2039      40           0       0
bldg15.ttl                              2277     231        2964      33           0       0
bldg16.ttl                              1871       8        2033      70           0       0
bldg17.ttl                              1844       7        2059      59           0       0
bldg18.ttl                              2224      36        2634      20           0       0
bldg19.ttl                              1882       9        2100      27           0       0
bldg2.ttl                               1910      16        2103      13           0       0
bldg20.ttl                              1930      33        2120      15           0       0
bldg21.ttl                              1861      33        2055      30           0       0
bldg22.ttl                              1871      33        2082      13           0       0
bldg23.ttl                              1839       4        1910     166           0       0
bldg24.ttl                              1823       7        1993      36           0       0
bldg25.ttl                              1886      12        2062      28           0       0
bldg26.ttl                              1852      49        2065      15           0       0
bldg27.ttl                              1926      34        2129      14           0       0
bldg28.ttl                              1932      17        2175      32           0       0
bldg29.ttl                              1831     217        2015      17           0       0
bldg3.ttl                               1802      32        1990      51           0       0
bldg30.ttl                              2134      20        2511      45           0       0
bldg31.ttl                              1873      13        2041      25           0       0
bldg32.ttl                              2282      18        2727     484           0       0
bldg33.ttl                              1834      49        2033      24           0       0
bldg34.ttl                              2015      29        2261      31           0       0
bldg35.ttl                              1864      30        2070      24           0       0
bldg36.ttl                              1899      23        2122      38           0       0
bldg37.ttl                              3487      32        4549      13           0       0
bldg38.ttl                              1861      10        2034      76           0       0
bldg39.ttl                              1915      34        2143      48           0       0
bldg4.ttl                               1949      68        2232      37           0       0
bldg40.ttl                              2124      17        2187     203           0       0
bldg41.ttl                              1752      98        2043      33           0       0
bldg42.ttl                              1930       6        2149       1           0       0
bldg43.ttl                              1988      22        2327      39           0       0
bldg44.ttl                              1949      84        2257      54           0       0
bldg5.ttl                               2217      54        2655      26           0       0
bldg6.ttl                               2274      51        2731       9           0       0
bldg7.ttl                               1882       4        2100      23           0       0
bldg8.ttl                               1956       4        2182       9           0       0
bldg9.ttl                               2212      46        2473     145           0       0
smc.ttl                                 2144      21        2509       8           0       0
