model                               infer ms     +/-  infer+val ms     +/-   report ms     +/-
--------------------------------  ----------  ------  ----------  ------  ----------  ------
bldg1.ttl                               1254     241        1267      12           0       0
bldg10.ttl                              1256      22        1250       5           0       0
bldg11.ttl                              1265       5        1273      15           0       0
bldg12.ttl                              1263      29        1278      15           0       0
bldg13.ttl                              1264      14        1239      10           0       0
bldg14.ttl                              1237      22        1244      16           0       0
bldg15.ttl                              1250      17        1263      69           0       0
bldg16.ttl                              1243      39        1276      47           0       0
bldg17.ttl                              1348      67        1262      20           0       0
bldg18.ttl                              1256      16        1270      37           0       0
bldg19.ttl                              1251       6        1244      27           0       0
bldg2.ttl                               1262      54        1253      18           0       0
bldg20.ttl                              1264      55        1261      12           0       0
bldg21.ttl                              1259      29        1281       7           0       0
bldg22.ttl                              1262      24        1257     262           0       0
bldg23.ttl                              1251     176        1277      19           0       0
bldg24.ttl                              1267      20        1267      39           0       0
bldg25.ttl                              1251      26        1266       6           0       0
bldg26.ttl                              1256      19        1265      23           0       0
bldg27.ttl                              1258       8        1239      16           0       0
bldg28.ttl                              1271      38        1268      17           0       0
bldg29.ttl                              1260       8        1247      15           0       0
bldg3.ttl                               1247      27        1240      23           0       0
bldg30.ttl                              1261      27        1279      37           0       0
bldg31.ttl                              1259       7        1279      26           0       0
bldg32.ttl                              1248      10        1253      29           0       0
bldg33.ttl                              1248      46        1261      13           0       0
bldg34.ttl                              1257      18        1259      61           0       0
bldg35.ttl                              1256      30        1267       7           0       0
bldg36.ttl                              1251       4        1241      33           0       0
bldg37.ttl                              1249       3        1251     159           0       0
bldg38.ttl                              1242     200        1243       5           0       0
bldg39.ttl                              1257       8        1250      38           0       0
bldg4.ttl                               1242      14        1279      45           0       0
bldg40.ttl                              1235      22        1285      49           0       0
bldg41.ttl                              1257      23        1266      29           0       0
bldg42.ttl                              1270       8        1246      30           0       0
bldg43.ttl                              1250      12        1271      34           0       0
bldg44.ttl                              1246       3        1269      26           0       0
bldg5.ttl                               1285      28        1273      21           0       0
bldg6.ttl                               1272       8        1266       9           0       0
bldg7.ttl                               1248      39        1263     169           0       0
bldg8.ttl                               1259      24        1270      32           0       0
bldg9.ttl                               1279      28        1259       4           0       0
smc.ttl                                 1239      15        1254      20           0       0
