model                               infer ms     +/-  infer+val ms     +/-   report ms     +/-
--------------------------------  ----------  ------  ----------  ------  ----------  ------
bldg1.ttl                               2558     138        3017      59           0       0
bldg10.ttl                              2616      37        3030      24           0       0
bldg11.ttl                              3965      41        5344     383           0       0
bldg12.ttl                              3042      36        3717      17           0       0
bldg13.ttl                              2656      13        3116      44           0       0
bldg14.ttl                              2508      14        2909      46           0       0
bldg15.ttl                              3325      53        4127      27           0       0
bldg16.ttl                              2552      31        2908      43           0       0
bldg17.ttl                              2503      34        2869      31           0       0
bldg18.ttl                              2988     360        3754      13           0       0
bldg19.ttl                              2565      45        2984      28           0       0
bldg2.ttl                               2592      13        3022      13           0       0
bldg20.ttl                              2599      39        3065      14           0       0
bldg21.ttl                              2580       9        3005      49           0       0
bldg22.ttl                              2543     223        2975      29           0       0
bldg23.ttl                              2518      31        2950      13           0       0
bldg24.ttl                              2530      39        2876     335           0       0
bldg25.ttl                              2593      70        2999      31           0       0
bldg26.ttl                              2537      34        2969       8           0       0
bldg27.ttl                              2654       8        3130      97           0       0
bldg28.ttl                              2700      20        3149      47           0       0
bldg29.ttl                              2486      34        2933      69           0       0
bldg3.ttl                               2488      62        2877      24           0       0
bldg30.ttl                              2974      41        3493     172           0       0
bldg31.ttl                              2567      25        2985      26           0       0
bldg32.ttl                              3182      48        3955      30           0       0
bldg33.ttl                              2518      38        2900      18           0       0
bldg34.ttl                              2729      34        3319      69           0       0
bldg35.ttl                              2608      43        3003      23           0       0
bldg36.ttl                              2628      19        3133      31           0       0
bldg37.ttl                              4722     468        6446      51           0       0
bldg38.ttl                              2604      47        3004      33           0       0
bldg39.ttl                              2619      30        3066      17           0       0
bldg4.ttl                               2665      33        3164      31           0       0
bldg40.ttl                              2893      59        3514      41           0       0
bldg41.ttl                              2583      41        2956       6           0       0
bldg42.ttl                              2626     419        3116      35           0       0
bldg43.ttl                              2736      95        3304      56           0       0
bldg44.ttl                              2729      16        3221       7           0       0
bldg5.ttl                               3059      25        3814      13           0       0
bldg6.ttl                               3116      17        3936      63           0       0
bldg7.ttl                               2580      35        3002      43           0       0
bldg8.ttl                               2682       5        3150     482           0       0
bldg9.ttl                               3054      45        3808      40           0       0
smc.ttl                                 2968      17        3631      47           0       0
