model                               infer ms     +/-  infer+val ms     +/-   report ms     +/-
--------------------------------  ----------  ------  ----------  ------  ----------  ------
bldg1.ttl                               2592     152        3065      25           0       0
bldg10.ttl                              2618      12        3026      33           0       0
bldg11.ttl                              3997      53        5369      18           0       0
bldg12.ttl                              3026      29        3744      28           0       0
bldg13.ttl                              2668      44        3152      50           0       0
bldg14.ttl                              2486     487        2881      47           0       0
bldg15.ttl                              3345      49        4191      48           0       0
bldg16.ttl                              2583      51        2963      12           0       0
bldg17.ttl                              2525      11        2919      39           0       0
bldg18.ttl                              3055     220        3848      39           0       0
bldg19.ttl                              2586      44        2969      60           0       0
bldg2.ttl                               2602      32        3032     460           0       0
bldg20.ttl                              2604      13        3018      59           0       0
bldg21.ttl                              2541      11        2981      44           0       0
bldg22.ttl                              2598      38        2975      10           0       0
bldg23.ttl                              2545       3        2952      21           0       0
bldg24.ttl                              2532      49        2903      13           0       0
bldg25.ttl                              2592      39        3037      86           0       0
bldg26.ttl                              2604      68        2978      33           0       0
bldg27.ttl                              2654     423        3099      43           0       0
bldg28.ttl                              2683      29        3159      15           0       0
bldg29.ttl                              2524      26        2902      43           0       0
bldg3.ttl                               2526      28        2920      28           0       0
bldg30.ttl                              2982      24        3611       6           0       0
bldg31.ttl                              2556      39        2949       3           0       0
bldg32.ttl                              3152       7        3938     417           0       0
bldg33.ttl                              2528      15        2980      79           0       0
bldg34.ttl                              2723      51        3261     114           0       0
bldg35.ttl                              2588      41        2988       8           0       0
bldg36.ttl                              2640      49        3073      71           0       0
bldg37.ttl                              4756      78        6458      50           0       0
bldg38.ttl                              2575      18        2967     267           0       0
bldg39.ttl                              2610     222        3050      22           0       0
bldg4.ttl                               2663      17        3151      30           0       0
bldg40.ttl                              2886      21        3505      62           0       0
bldg41.ttl                              2529      33        2971      59           0       0
bldg42.ttl                              2654      55        3080      38           0       0
bldg43.ttl                              2779      48        3326      33           0       0
bldg44.ttl                              2700      39        3152     171           0       0
bldg5.ttl                               3032      47        3798      40           0       0
bldg6.ttl                               3154       5        3943      11           0       0
bldg7.ttl                               2582      10        3018      35           0       0
bldg8.ttl                               2664      12        3160     262           0       0
bldg9.ttl                               3066      17        3800      21           0       0
smc.ttl                                 2957      35        3595      13           0       0
